477
milo
5001
8
1
461
milo
1002
12
1
462
milo
5001
12
1
463
milo
5001
12
1
464
milo
5001
12
1
465
milo
5001
12
1
466
milo
5001
12
1
467
milo
5001
12
1
468
milo
5001
12
1
469
milo
5001
12
1
470
milo
5001
12
1
471
milo
5001
12
1
472
milo
5001
12
1
473
milo
5001
12
1
474
milo
5001
12
1
475
milo
1004
12
1
476
milo
1004
12
1
446
elias@gmail
5001
10
1
445
elias@gmail
1004
10
1
447
elias@gmail
2001
10
1
448
elias@gmail
4001
12
1
449
elias@gmail
6004
12
1
450
laura@gmail
6003
12
1
451
laura@gmail
3002
12
1
452
laura@gmail
4001
12
1
453
laura@gmail
2002
12
1
